68, 103, 131, 139, 143, 151, 156, 165, 212, 239, 240, 242, 247, 261, 271, 301, 371, 416, 439, 481, 483, 
599, 618, 668, 677, 750, 791, 797, 802, 806, 819, 822, 842, 865, 923, 985, 1119, 1193, 1220, 1243, 1320, 
1354, 1454, 1530, 1536, 1556, 1565, 1629, 1657, 1669, 1718, 1740, 1746, 1829, 1849, 1886, 1894, 1935, 1936, 1953, 1967, 
2013, 2036, 2063, 2095, 2127, 2142, 2150, 2162, 2211, 2270, 2280, 2308, 2420, 2437, 2485, 2516, 2620, 2665, 2725, 2757, 
2778, 2787, 2827, 2831, 2868, 2883, 2948, 3038, 3062, 3101, 3158, 3192, 3197, 3255, 3259, 3270, 3286, 3292, 3298, 3345, 
3346, 3355, 3365, 3378, 3410, 3413, 3438, 3470, 3477, 3487, 3499, 3601, 3640, 3683, 3740, 3745, 3749, 3754, 3765, 3770, 
3780, 3800, 3904, 3913, 3919, 3923, 3943, 3946, 3991, 4087, 4124, 4149, 4160, 4161, 4176, 4188, 4216, 4245, 4298, 4302, 
4306, 4342, 4407, 4511, 4613, 4630, 4671, 4672, 4682, 4716, 4737, 4774, 4783, 4869, 4886, 4893, 4910, 4927, 4928, 4983, 
5034, 5034, 5067, 5074, 5121, 5226, 5266, 5283, 5302, 5305, 5349, 5417, 5446, 5489, 5494, 5516, 5553, 5583, 5710, 5758, 
5805, 5849, 5871, 5887, 5919, 5922, 5939, 5960, 5969, 5983, 5986, 5988, 5998, 6026, 6080, 6095, 6137, 6170, 6202, 6203, 
6263, 6354, 6360, 6366, 6376, 6393, 6402, 6588, 6597, 6613, 6636, 6657, 6682, 6696, 6713, 6723, 6735, 6751, 6852, 6858, 
6878, 6976, 6989, 7135, 7140, 7160, 7174, 7186, 7198, 7244, 7248, 7301, 7315, 7337, 7367, 7369, 7380, 7412, 7440, 7468, 
7490, 7542, 7588, 7682, 7697, 7712, 7725, 7755, 7812, 7858, 7868, 7920, 7930, 7942, 7946, 7962, 7967, 7972, 7976, 7990, 
8015, 8016, 8039, 8044, 8057, 8062, 8063, 8074, 8112, 8120, 8148, 8148, 8215, 8309, 8349, 8362, 8434, 8438, 8458, 8543, 
8547, 8580, 8582, 8597, 8602, 8621, 8622, 8682, 8693, 8781, 8781, 8884, 8886, 8996, 9189, 9223, 9233, 9233, 9236, 9256, 
9294, 9329, 9374, 9486, 9492, 9614, 9622, 9647, 9688, 9811, 9849, 9854, 9905, 9914, 9975, 10017, 10121, 10135, 10145, 10244, 
10288, 10306, 10390, 10457, 10509, 10545, 10640, 10664, 10696, 10742, 10758, 10811, 10815, 10868, 10902, 10912, 10930, 10951, 10977, 10994, 
10995, 11007, 11034, 11041, 11066, 11132, 11138, 11150, 11187, 11323, 11357, 11397, 11437, 11453, 11478, 11518, 11571, 11660, 11709, 11717, 
11745, 11751, 11806, 11891, 11934, 11966, 11966, 12017, 12026, 12086, 12093, 12111, 12126, 12134, 12144, 12146, 12168, 12193, 12204, 12246, 
12280, 12292, 12312, 12318, 12318, 12331, 12362, 12372, 12375, 12377, 12425, 12472, 12498, 12527, 12527, 12533, 12570, 12652, 12724, 12731, 
12744, 12748, 12766, 12797, 12885, 12926, 12987, 13012, 13069, 13084, 13092, 13095, 13159, 13180, 13199, 13288, 13334, 13350, 13377, 13414, 
13437, 13485, 13557, 13590, 13639, 13695, 13775, 13869, 13876, 13878, 13892, 13929, 13937, 14095, 14096, 14133, 14141, 14149, 14182, 14215, 
14281, 14282, 14297, 14332, 14340, 14409, 14420, 14422, 14489, 14516, 14521, 14532, 14571, 14654, 14661, 14745, 14896, 14919, 14928, 14930, 
14952, 14984, 15075, 15130, 15203, 15271, 15351, 15352, 15366, 15435, 15436, 15438, 15479, 15484, 15558, 15569, 15588, 15597, 15624, 15630, 
15672, 15680, 15762, 15785, 15786, 15812, 15845, 15867, 15892, 15897, 15907, 15994, 15999, 16017, 16051, 16059, 16062, 16066, 16069, 16109, 
16129, 16165, 16171, 16172, 16203, 16252, 16290, 16307, 16351, 16421, 16464, 16513, 16534, 16592, 16605, 16612, 16620, 16659, 16715, 16749, 
16759, 16864, 16893, 16928, 16930, 16990, 17007, 17026, 17066, 17095, 17148, 17150, 17154, 17176, 17181, 17218, 17236, 17254, 17291, 17297, 
17321, 17321, 17381, 17440, 17577, 17650, 17670, 17672, 17687, 17710, 17712, 17756, 17773, 17871, 17917, 17935, 18020, 18038, 18086, 18088, 
18115, 18258, 18269, 18283, 18311, 18371, 18472, 18495, 18569, 18583, 18592, 18593, 18598, 18629, 18637, 18648, 18649, 18649, 18655, 18674, 
18690, 18699, 18717, 18718, 18727, 18739, 18789, 18832, 18856, 18858, 18873, 18914, 18915, 19034, 19036, 19113, 19124, 19149, 19159, 19169, 
19172, 19253, 19277, 19428, 19476, 19511, 19528, 19560, 19631, 19633, 19671, 19673, 19686, 19703, 19766, 19784, 19797, 19801, 19836, 19863, 
19884, 19904, 19923, 19967, 19975, 20028, 20054, 20121, 20144, 20178, 20183, 20201, 20306, 20323, 20334, 20373, 20386, 20400, 20455, 20516, 
20543, 20546, 20549, 20552, 20572, 20621, 20655, 20673, 20725, 20788, 20883, 20895, 20907, 20943, 21006, 21063, 21087, 21110, 21143, 21158, 
21196, 21196, 21220, 21264, 21386, 21390, 21401, 21406, 21489, 21583, 21611, 21658, 21692, 21697, 21721, 21738, 21820, 21848, 21870, 21878, 
21888, 21902, 21913, 21936, 21936, 21941, 22025, 22061, 22071, 22078, 22108, 22159, 22184, 22253, 22287, 22293, 22311, 22322, 22330, 22340, 
22529, 22621, 22703, 22713, 22782, 22811, 22823, 22829, 22863, 22902, 22927, 22937, 22947, 22976, 23044, 23113, 23137, 23207, 23245, 23272, 
23336, 23428, 23443, 23545, 23565, 23574, 23577, 23672, 23737, 23751, 23754, 23771, 23776, 23803, 23817, 23879, 23930, 23974, 23975, 23983, 
24089, 24156, 24182, 24252, 24341, 24431, 24456, 24467, 24469, 24565, 24573, 24576, 24593, 24604, 24635, 24672, 24715, 24777, 24848, 24854, 
24858, 24883, 24885, 24909, 24937, 24940, 24989, 25009, 25023, 25064, 25066, 25128, 25160, 25165, 25171, 25174, 25203, 25256, 25268, 25284, 
25292, 25309, 25327, 25329, 25359, 25382, 25387, 25392, 25425, 25434, 25470, 25502, 25503, 25538, 25692, 25735, 25761, 25827, 25862, 25868, 
25889, 25914, 25945, 25956, 25995, 26006, 26028, 26046, 26050, 26103, 26113, 26217, 26244, 26261, 26292, 26302, 26335, 26347, 26358, 26364, 
26429, 26434, 26455, 26473, 26503, 26562, 26575, 26589, 26658, 26661, 26671, 26681, 26704, 26725, 26758, 26806, 26813, 26820, 26824, 26842, 
26843, 26930, 26962, 27052, 27085, 27087, 27163, 27233, 27250, 27278, 27413, 27472, 27473, 27499, 27546, 27581, 27596, 27603, 27648, 27767, 
27800, 27801, 27826, 27834, 27839, 27875, 27908, 27964, 27984, 28012, 28081, 28081, 28097, 28178, 28271, 28275, 28278, 28329, 28331, 28358, 
28365, 28518, 28544, 28559, 28564, 28569, 28643, 28699, 28718, 28768, 28778, 28796, 28902, 28908, 28915, 28947, 29017, 29053, 29064, 29073, 
29131, 29163, 29165, 29187, 29262, 29274, 29357, 29386, 29393, 29466, 29571, 29592, 29661, 29773, 29810, 29883, 29937, 29963, 29973, 29994, 
30134, 30175, 30322, 30347, 30365, 30368, 30389, 30405, 30500, 30680, 30724, 30739, 30767, 30802, 30814, 30830, 30832, 30894, 30903, 30908, 
30927, 30935, 30957, 30957, 31022, 31050, 31053, 31060, 31068, 31080, 31115, 31118, 31155, 31263, 31310, 31317, 31395, 31409, 31504, 31599, 
31604, 31608, 31627, 31635, 31672, 31732, 31769, 31814, 31831, 31898, 31909, 31934, 31953, 32006, 32056, 32061, 32086, 32087, 32110, 32143, 
32175, 32242, 32268, 32275, 32325, 32351, 32363, 32415, 32457, 32466, 32478, 32550, 32569, 32575, 32589, 32633, 32678, 32706, 32715